<?xml version="1.0" encoding="UTF-8"?>
<!-- Camera poses of each image of the dataset estimated from a multi-view bundle adjustment -->
<camera_poses>
	<camera id="0" label="SR202204_LDM-S_D01_0000">
		<transform>-2.8624868688761707e-01 9.4211578604239266e-01 -1.7458389085147516e-01 -1.5429947853213495e+00 9.5758561380031915e-01 2.7500689153570868e-01 -8.6029075611290085e-02 4.2345218803411369e+00 -3.3037577056757306e-02 -1.9180473220854494e-01 -9.8087688483551649e-01 -3.8607445335647506e+00 0 0 0 1</transform>
		<rotation_covariance>7.3199284034862133e-08 -1.2094149924453651e-08 6.4870894514786127e-09 -1.2094149924453645e-08 7.8712082475182363e-08 -3.7438964787092433e-09 6.4870894514786102e-09 -3.7438964787092416e-09 1.4597485577683019e-08</rotation_covariance>
		<location_covariance>2.8432225779179192e-06 2.3965376879368204e-06 -2.8880736624439883e-06 2.3965376879368204e-06 2.8807813837334809e-06 -3.0531431513773620e-06 -2.8880736624439883e-06 -3.0531431513773620e-06 4.2279588058725993e-06</location_covariance>
		<orientation>1</orientation>
	</camera>
	<camera id="1" label="SR202204_LDM-S_D01_0001">
		<transform>-3.1813338724203799e-01 9.3094790211742984e-01 -1.7924048500565867e-01 -1.5804408194747446e+00 9.4556907995818407e-01 2.9792201471840735e-01 -1.3092588809383157e-01 4.2027702267905935e+00 -6.8485494441823586e-02 -2.1113615675502201e-01 -9.7505449097051888e-01 -3.7914256267977233e+00 0 0 0 1</transform>
		<rotation_covariance>7.0499184534607737e-08 -1.0765572102430592e-08 4.1269266276287979e-09 -1.0765572102430585e-08 7.4136939801220655e-08 -3.9599042521805991e-09 4.1269266276287962e-09 -3.9599042521805991e-09 1.3794312147008040e-08</rotation_covariance>
		<location_covariance>2.7498486991265218e-06 2.3025217592085715e-06 -2.7786388708302241e-06 2.3025217592085715e-06 2.7884305260259389e-06 -2.9565942620134364e-06 -2.7786388708302241e-06 -2.9565942620134364e-06 4.0836278821671563e-06</location_covariance>
		<orientation>1</orientation>
	</camera>
	<camera id="2" label="SR202204_LDM-S_D01_0002">
		<transform>-4.2144516280796313e-01 8.8169230072242333e-01 -2.1213830769705228e-01 -1.6285630215581028e+00 9.0511928945247644e-01 3.9450625978052922e-01 -1.5850515087851483e-01 4.2146411427103772e+00 -5.6062880828697433e-02 -2.5881170344630344e-01 -9.6429946362756502e-01 -3.6968480654079197e+00 0 0 0 1</transform>
		<rotation_covariance>7.1122754289299036e-08 -1.1023517247122196e-08 4.4760019212486690e-09 -1.1023517247122188e-08 7.0475793564352197e-08 -5.6644624744112874e-09 4.4760019212486690e-09 -5.6644624744112874e-09 1.4048907612153377e-08</rotation_covariance>
		<location_covariance>2.6389904344621745e-06 2.2320068895699336e-06 -2.6270392636003158e-06 2.2320068895699336e-06 2.7917030566762931e-06 -2.8808682866830480e-06 -2.6270392636003158e-06 -2.8808682866830480e-06 3.8918783013307019e-06</location_covariance>
		<orientation>1</orientation>
	</camera>
	<camera id="3" label="SR202204_LDM-S_D01_0003">
		<transform>-4.4084068476323879e-01 8.7637596935022488e-01 -1.9397074780217016e-01 -1.7371863521121615e+00 8.9226249245181344e-01 4.0437148810706686e-01 -2.0087644005645455e-01 4.2324192480834633e+00 -9.7607044936093387e-02 -2.6162733028399549e-01 -9.6022081045315477e-01 -3.6298799611465258e+00 0 0 0 1</transform>
		<rotation_covariance>6.9362906129202489e-08 -1.1487750545401365e-08 2.1826848416384316e-09 -1.1487750545401363e-08 6.8927069321505111e-08 -5.0555090597882571e-09 2.1826848416384328e-09 -5.0555090597882579e-09 1.3668872337377763e-08</rotation_covariance>
		<location_covariance>2.4271351947432795e-06 2.1201556593489833e-06 -2.4495606029847099e-06 2.1201556593489833e-06 2.8009372695398426e-06 -2.8495451572745253e-06 -2.4495606029847099e-06 -2.8495451572745253e-06 3.7763989914808083e-06</location_covariance>
		<orientation>1</orientation>
	</camera>
	<camera id="4" label="SR202204_LDM-S_D01_0004">
		<transform>-4.7989865015470545e-01 8.5344671560466057e-01 -2.0328794652735610e-01 -1.8525137311204751e+00 8.6827540122148450e-01 4.2882937934040133e-01 -2.4940567565353525e-01 4.1944465049950113e+00 -1.2567861080296008e-01 -2.9619937042158573e-01 -9.4682142970493344e-01 -3.6105985295832945e+00 0 0 0 1</transform>
		<rotation_covariance>6.8076141254280100e-08 -1.0928981776838742e-08 1.2959163202384811e-10 -1.0928981776838747e-08 6.5150081432754957e-08 -6.0702531475092694e-09 1.2959163202384769e-10 -6.0702531475092711e-09 1.3610346434100359e-08</rotation_covariance>
		<location_covariance>2.2230147826958378e-06 1.9765713632256359e-06 -2.3290965648758008e-06 1.9765713632256359e-06 2.7005149615550520e-06 -2.8143816065138857e-06 -2.3290965648758008e-06 -2.8143816065138857e-06 3.7678725879665372e-06</location_covariance>
		<orientation>1</orientation>
	</camera>
	<camera id="5" label="SR202204_LDM-S_D01_0005">
		<transform>-5.1719005507727966e-01 8.4115643600223522e-01 -1.5801992627886557e-01 -2.0362373896667614e+00 8.5060468352515706e-01 4.8472166241867559e-01 -2.0375618358013819e-01 4.1520437379545685e+00 -9.4795143832517900e-02 -2.3979316119125110e-01 -9.6618482732429567e-01 -3.6095571417534269e+00 0 0 0 1</transform>
		<rotation_covariance>6.8752696602028789e-08 -1.0980381614060413e-08 8.9335472206831090e-10 -1.0980381614060410e-08 6.4957570060936087e-08 -2.9753967662275020e-09 8.9335472206830924e-10 -2.9753967662275024e-09 1.2993801554712561e-08</rotation_covariance>
		<location_covariance>1.9275407339476588e-06 1.7764655841890052e-06 -2.1566449787412789e-06 1.7764655841890052e-06 2.5989469933826970e-06 -2.7953530757474817e-06 -2.1566449787412789e-06 -2.7953530757474817e-06 3.8214896363623487e-06</location_covariance>
		<orientation>1</orientation>
	</camera>
	<camera id="6" label="SR202204_LDM-S_D01_0006">
		<transform>-5.3761248640166381e-01 8.3827484120366547e-01 -9.0929121132836188e-02 -2.2275635798943396e+00 8.3406166715477070e-01 5.1286299933303514e-01 -2.0325520730876140e-01 4.1075467843090445e+00 -1.2374954483966677e-01 -1.8511303174032043e-01 -9.7489446384307810e-01 -3.6145581887718845e+00 0 0 0 1</transform>
		<rotation_covariance>6.7930557406619975e-08 -1.0761778210188696e-08 -1.3263816022587381e-09 -1.0761778210188692e-08 6.3655290611085755e-08 4.7550772571026633e-10 -1.3263816022587393e-09 4.7550772571026468e-10 1.2666143962134779e-08</rotation_covariance>
		<location_covariance>1.6430802227230648e-06 1.5766638747229891e-06 -1.9763999452810760e-06 1.5766638747229891e-06 2.4899645506644175e-06 -2.7827229306220508e-06 -1.9763999452810760e-06 -2.7827229306220508e-06 3.8926060748263328e-06</location_covariance>
		<orientation>1</orientation>
	</camera>
	<camera id="7" label="SR202204_LDM-S_D01_0007">
		<transform>-5.8363473211256855e-01 8.1201367686714310e-01 2.0707613558609561e-03 -2.4292737419496024e+00 7.8785674031961184e-01 5.6688568461537892e-01 -2.4067068228412944e-01 3.9963304384686009e+00 -1.9660177060455211e-01 -1.3883230589043866e-01 -9.7060462323043695e-01 -3.6416203730216776e+00 0 0 0 1</transform>
		<rotation_covariance>6.7959954959659080e-08 -8.5626761180009503e-09 -6.7000041167199052e-09 -8.5626761180009387e-09 6.0150269936947257e-08 3.7219202119927643e-09 -6.7000041167199044e-09 3.7219202119927643e-09 1.3358298799356841e-08</rotation_covariance>
		<location_covariance>1.3779797665463935e-06 1.3464799654454432e-06 -1.8093263415297826e-06 1.3464799654454432e-06 2.2608280276677442e-06 -2.7219058326357259e-06 -1.8093263415297826e-06 -2.7219058326357259e-06 4.0255509032970718e-06</location_covariance>
		<orientation>1</orientation>
	</camera>
	<camera id="8" label="SR202204_LDM-S_D01_0008">
		<transform>-6.2460305246947168e-01 7.8092382070929489e-01 -5.3863804744821442e-03 -2.6091285191809046e+00 7.5716140868015891e-01 6.0387930701113834e-01 -2.4907104161107277e-01 3.9322912064594826e+00 -1.9125278573473406e-01 -1.5964889229977303e-01 -9.6847023864244752e-01 -3.6566606115144009e+00 0 0 0 1</transform>
		<rotation_covariance>7.0692244695182380e-08 -6.4834846680832227e-09 -7.0836051784698211e-09 -6.4834846680832177e-09 6.0195515201126325e-08 2.5701386349059287e-09 -7.0836051784698211e-09 2.5701386349059270e-09 1.3320051076446404e-08</rotation_covariance>
		<location_covariance>1.1814365916136181e-06 1.1687583871820757e-06 -1.6428562255379221e-06 1.1687583871820757e-06 2.1337604396700801e-06 -2.6901350338520895e-06 -1.6428562255379221e-06 -2.6901350338520895e-06 4.1291560726964712e-06</location_covariance>
		<orientation>1</orientation>
	</camera>
	<camera id="9" label="SR202204_LDM-S_D01_0009">
		<transform>-6.5539326207787196e-01 7.5327745186874595e-01 -5.5070432439331518e-02 -2.7752938070025559e+00 7.4107837406586841e-01 6.2727482525323841e-01 -2.3943503731786608e-01 3.8744939441651121e+00 -1.4581671891389819e-01 -1.9773561669473724e-01 -9.6934932319341771e-01 -3.6538947212010631e+00 0 0 0 1</transform>
		<rotation_covariance>7.0730747783153622e-08 -8.5892233302115295e-09 -4.5592975239991849e-09 -8.5892233302115361e-09 5.7477140288819141e-08 9.1306713419654271e-10 -4.5592975239991832e-09 9.1306713419654105e-10 1.2365059417972004e-08</rotation_covariance>
		<location_covariance>9.9341690635151635e-07 1.0155081501035140e-06 -1.4789653265995233e-06 1.0155081501035140e-06 2.0261843773516294e-06 -2.6498985575459182e-06 -1.4789653265995233e-06 -2.6498985575459182e-06 4.1930146253873993e-06</location_covariance>
		<orientation>1</orientation>
	</camera>
	<camera id="10" label="SR202204_LDM-S_D01_0010">
		<transform>-5.9909226741846133e-01 7.9792596983340403e-01 -6.6352104599847556e-02 -2.9723911862096055e+00 7.7940923253904881e-01 5.6219651323936315e-01 -2.7650737555152871e-01 3.8294722705254967e+00 -1.8332949395091497e-01 -2.1736887350061096e-01 -9.5871845162215208e-01 -3.6427258725670431e+00 0 0 0 1</transform>
		<rotation_covariance>6.8377050140665041e-08 -1.0007422715115264e-08 -5.0178487707309118e-09 -1.0007422715115261e-08 5.8550381070954200e-08 7.2212691732561940e-11 -5.0178487707309159e-09 7.2212691732558632e-11 1.2328421204427368e-08</rotation_covariance>
		<location_covariance>8.0914877374550886e-07 8.4321468280156447e-07 -1.2638921258409040e-06 8.4321468280156447e-07 1.9379819876669685e-06 -2.6172354328292985e-06 -1.2638921258409040e-06 -2.6172354328292985e-06 4.2482171401852751e-06</location_covariance>
		<orientation>1</orientation>
	</camera>
	<camera id="11" label="SR202204_LDM-S_D01_0011">
		<transform>-6.1436033532108358e-01 7.8108614308309965e-01 -1.1165041633479347e-01 -3.1659273911737436e+00 7.7532625956691537e-01 5.7136506016845601e-01 -2.6909321664559416e-01 3.7493946025924694e+00 -1.4639183587256957e-01 -2.5188569848696063e-01 -9.5662062767201217e-01 -3.5809203290345795e+00 0 0 0 1</transform>
		<rotation_covariance>7.1643480530247809e-08 -1.1033284288222530e-08 -2.7143236247309766e-09 -1.1033284288222531e-08 5.7671536355293846e-08 -1.3991567095563814e-09 -2.7143236247309741e-09 -1.3991567095563826e-09 1.2139389311888770e-08</rotation_covariance>
		<location_covariance>6.6062898299433597e-07 6.6765588562195685e-07 -1.0330781687492999e-06 6.6765588562195685e-07 1.8033546540559749e-06 -2.5014228187395816e-06 -1.0330781687492999e-06 -2.5014228187395816e-06 4.1933394478748188e-06</location_covariance>
		<orientation>1</orientation>
	</camera>
	<camera id="12" label="SR202204_LDM-S_D01_0012">
		<transform>-6.1218858230644435e-01 7.7457784403651397e-01 -1.5891602569083768e-01 -3.3432855856202610e+00 7.8535904070128515e-01 5.7229186492849571e-01 -2.3599406459786615e-01 3.6814456209639741e+00 -9.1849425051994685e-02 -2.6927900932752025e-01 -9.5867225799707345e-01 -3.5117560052818710e+00 0 0 0 1</transform>
		<rotation_covariance>8.2756040193427428e-08 -7.4321177984536697e-09 -6.9204715330814572e-10 -7.4321177984536606e-09 6.2033844232592549e-08 -2.9525293804665539e-09 -6.9204715330814531e-10 -2.9525293804665548e-09 1.2990931353805116e-08</rotation_covariance>
		<location_covariance>5.9962333315038179e-07 5.2090740632039628e-07 -8.3794990657023257e-07 5.2090740632039628e-07 1.7085725032835340e-06 -2.3918389579757539e-06 -8.3794990657023257e-07 -2.3918389579757539e-06 4.1251067186523396e-06</location_covariance>
		<orientation>1</orientation>
	</camera>
	<camera id="13" label="SR202204_LDM-S_D01_0013">
		<transform>-5.7528250073081710e-01 7.9357289371906370e-01 -1.9822236681880748e-01 -3.4843803468291910e+00 8.1689027983775342e-01 5.4504819015775696e-01 -1.8871338350088168e-01 3.6507804267223185e+00 -4.1717083544932004e-02 -2.7048943188247798e-01 -9.6181866907458158e-01 -3.4921936198703243e+00 0 0 0 1</transform>
		<rotation_covariance>7.6707061233355191e-08 -1.3364882401780155e-08 3.8180042036911210e-09 -1.3364882401780152e-08 5.7287814451309441e-08 -2.4342078955533225e-09 3.8180042036911218e-09 -2.4342078955533266e-09 1.2607300756900636e-08</rotation_covariance>
		<location_covariance>4.7755286722304591e-07 4.2670724755767882e-07 -6.8069614152646282e-07 4.2670724755767882e-07 1.6561270624796104e-06 -2.3510608812679395e-06 -6.8069614152646282e-07 -2.3510608812679395e-06 4.1421097193285377e-06</location_covariance>
		<orientation>1</orientation>
	</camera>
	<camera id="14" label="SR202204_LDM-S_D01_0014">
		<transform>-4.8811582196504966e-01 8.5654088576262322e-01 -1.6757283599785774e-01 -3.6502229707065692e+00 8.6767193215384886e-01 4.5549160015256990e-01 -1.9918037137945618e-01 3.6310968896480311e+00 -9.4278112517119234e-02 -2.4262133708194825e-01 -9.6552914212507179e-01 -3.5452504171719053e+00 0 0 0 1</transform>
		<rotation_covariance>7.0171740298921856e-08 -1.5033329730149172e-08 1.8427921834787674e-09 -1.5033329730149172e-08 5.8719490899244715e-08 -1.4047760946297894e-09 1.8427921834787684e-09 -1.4047760946297877e-09 1.2057481488057465e-08</rotation_covariance>
		<location_covariance>3.9121063966889817e-07 3.1661997511818915e-07 -5.0428857369615249e-07 3.1661997511818915e-07 1.6072402844909622e-06 -2.3792210535142219e-06 -5.0428857369615249e-07 -2.3792210535142219e-06 4.3258602640189814e-06</location_covariance>
		<orientation>1</orientation>
	</camera>
	<camera id="15" label="SR202204_LDM-S_D01_0015">
		<transform>-4.2935654237483967e-01 8.8219819436411440e-01 -1.9333728398997357e-01 -3.8261853341561607e+00 9.0244350322352007e-01 4.1070586051661351e-01 -1.3006313707953185e-01 3.6196456717050642e+00 -3.5336709093848367e-02 -2.3031943469452487e-01 -9.7247327726391086e-01 -3.6000279532173387e+00 0 0 0 1</transform>
		<rotation_covariance>6.6359184430653134e-08 -1.4565878461817747e-08 5.5183768636710972e-09 -1.4565878461817752e-08 6.0184857604698068e-08 -2.0988212945214922e-09 5.5183768636710989e-09 -2.0988212945214931e-09 1.2430394040824489e-08</rotation_covariance>
		<location_covariance>3.2969049766671079e-07 2.0177925504590892e-07 -3.1634472575351371e-07 2.0177925504590892e-07 1.5777586067117179e-06 -2.4114648877112420e-06 -3.1634472575351371e-07 -2.4114648877112420e-06 4.5307926937347125e-06</location_covariance>
		<orientation>1</orientation>
	</camera>
	<camera id="16" label="SR202204_LDM-S_D01_0016">
		<transform>-2.9450208062385175e-01 9.2084376792329203e-01 -2.5556854185336775e-01 -3.9539026679522085e+00 9.5560523458049174e-01 2.8114950482638190e-01 -8.8167973653946810e-02 3.6746658790979225e+00 -9.3359600783871118e-03 -2.7018828807465811e-01 -9.6276223899605673e-01 -3.6427581537850240e+00 0 0 0 1</transform>
		<rotation_covariance>5.9978874074329858e-08 -1.4278441048668462e-08 8.9856174641607115e-09 -1.4278441048668462e-08 6.2872836947860464e-08 -6.3228816739707753e-09 8.9856174641607115e-09 -6.3228816739707736e-09 1.3584393274632444e-08</rotation_covariance>
		<location_covariance>3.0024126109247002e-07 1.2474789732029635e-07 -1.6900805211244207e-07 1.2474789732029635e-07 1.6491219738449389e-06 -2.5136618664849366e-06 -1.6900805211244207e-07 -2.5136618664849366e-06 4.6808109227033327e-06</location_covariance>
		<orientation>1</orientation>
	</camera>
	<camera id="17" label="SR202204_LDM-S_D01_0017">
		<transform>-1.1043985150345342e-01 9.4527828966987193e-01 -3.0700487663666920e-01 -4.1010731539559862e+00 9.9356871615598785e-01 1.1277094151805073e-01 -1.0194166237313436e-02 3.7702877322423807e+00 2.4984904963532284e-02 -3.0615628333897338e-01 -9.5165334271258106e-01 -3.6434952707786543e+00 0 0 0 1</transform>
		<rotation_covariance>5.3697661988178325e-08 -1.1697002955785950e-08 1.1531270687322677e-08 -1.1697002955785949e-08 6.5548538194502037e-08 -1.0804124286130911e-08 1.1531270687322676e-08 -1.0804124286130909e-08 1.5843224643990293e-08</rotation_covariance>
		<location_covariance>2.9546409555134593e-07 2.4046291184081183e-08 1.9348780382939691e-08 2.4046291184081183e-08 1.7792921759076506e-06 -2.6312213373659488e-06 1.9348780382939691e-08 -2.6312213373659488e-06 4.7337244355885209e-06</location_covariance>
		<orientation>1</orientation>
	</camera>
	<camera id="18" label="SR202204_LDM-S_D01_0018">
		<transform>3.6271540805962177e-02 9.6156912596030641e-01 -2.7215655664983296e-01 -4.2396890996630683e+00 9.9913835314819333e-01 -4.0390737491868611e-02 -9.5467058810374539e-03 3.8265518289317049e+00 -2.0172421666163613e-02 -2.7157578007767036e-01 -9.6220562723324765e-01 -3.6800396092642043e+00 0 0 0 1</transform>
		<rotation_covariance>4.9323491162654882e-08 -9.1376288283253687e-09 9.1467152944038479e-09 -9.1376288283253670e-09 6.9490956390585006e-08 -1.0327158959952337e-08 9.1467152944038479e-09 -1.0327158959952337e-08 1.4839114408735479e-08</rotation_covariance>
		<location_covariance>2.9368951678318177e-07 -7.6776474145029574e-08 1.9566209677754067e-07 -7.6776474145029574e-08 1.8626826994119500e-06 -2.7377725310375399e-06 1.9566209677754067e-07 -2.7377725310375399e-06 4.8740800616638918e-06</location_covariance>
		<orientation>1</orientation>
	</camera>
	<camera id="19" label="SR202204_LDM-S_D01_0019">
		<transform>2.2648792859429223e-02 9.6060238837664769e-01 -2.7700195599867355e-01 -4.4060279599706451e+00 9.9636605720244720e-01 1.0671820633043616e-03 8.5167723800118333e-02 3.8154065629772482e+00 8.2107930413938365e-02 -2.7792429287042220e-01 -9.5708744386059919e-01 -3.7336140707452246e+00 0 0 0 1</transform>
		<rotation_covariance>4.6640015243708711e-08 -9.1092981227333483e-09 1.2061300428944553e-08 -9.1092981227333500e-09 6.8028629865128374e-08 -1.1180012423263332e-08 1.2061300428944553e-08 -1.1180012423263330e-08 1.6678946971150964e-08</rotation_covariance>
		<location_covariance>2.9961424660197204e-07 -1.9138684174979144e-07 4.0627685967544509e-07 -1.9138684174979144e-07 1.8374720074070323e-06 -2.7783446066869390e-06 4.0627685967544509e-07 -2.7783446066869390e-06 5.0864098786580207e-06</location_covariance>
		<orientation>1</orientation>
	</camera>
	<camera id="20" label="SR202204_LDM-S_D01_0020">
		<transform>8.6348111779340764e-02 9.6104116665909123e-01 -2.6257166560517553e-01 -4.5826481162581469e+00 9.9609926003875171e-01 -7.8473704613925804e-02 4.0350239583152883e-02 3.8377273848340976e+00 1.8173269997280028e-02 -2.6503160881430715e-01 -9.6406845119364148e-01 -3.8399890877789344e+00 0 0 0 1</transform>
		<rotation_covariance>4.7647923464838635e-08 -7.5082819795653656e-09 9.6686943774148332e-09 -7.5082819795653672e-09 6.9583734165355572e-08 -1.0511710884810771e-08 9.6686943774148349e-09 -1.0511710884810771e-08 1.5566821423621759e-08</rotation_covariance>
		<location_covariance>3.3157741014267914e-07 -3.1624428526090416e-07 6.3668145381070374e-07 -3.1624428526090416e-07 1.8792859678116259e-06 -2.9119546017726484e-06 6.3668145381070374e-07 -2.9119546017726484e-06 5.4414607020676130e-06</location_covariance>
		<orientation>1</orientation>
	</camera>
	<camera id="21" label="SR202204_LDM-S_D01_0021">
		<transform>7.6938335857694162e-02 9.5718028282314038e-01 -2.7908134772868926e-01 -4.7428853006551224e+00 9.9306162272812770e-01 -4.8600998612447377e-02 1.0708200781854549e-01 3.8829861042454725e+00 8.8933154335303216e-02 -2.8538368753046417e-01 -9.5427828485797972e-01 -3.9237343699572009e+00 0 0 0 1</transform>
		<rotation_covariance>4.8268012307579967e-08 -7.5059052257505534e-09 1.2008341232825675e-08 -7.5059052257505534e-09 6.8871256553506329e-08 -1.1967613400949123e-08 1.2008341232825675e-08 -1.1967613400949119e-08 1.7681751613130486e-08</rotation_covariance>
		<location_covariance>3.8332083569861020e-07 -4.3598136775381094e-07 8.5713043198077275e-07 -4.3598136775381094e-07 1.9570321423785784e-06 -3.0514502327852785e-06 8.5713043198077275e-07 -3.0514502327852785e-06 5.7432088257744791e-06</location_covariance>
		<orientation>1</orientation>
	</camera>
	<camera id="22" label="SR202204_LDM-S_D01_0022">
		<transform>6.9048296372895335e-02 9.4616170397736421e-01 -3.1624415045128040e-01 -4.9280773677235725e+00 9.9210848636662774e-01 -3.1870081762195857e-02 1.2126437715912197e-01 3.9526328707318275e+00 1.0465698279293009e-01 -3.2212160408007745e-01 -9.4089563084199623e-01 -3.9460077585226130e+00 0 0 0 1</transform>
		<rotation_covariance>5.0863232687259159e-08 -7.4294938263385492e-09 1.2828804828107596e-08 -7.4294938263385525e-09 6.8928214263860837e-08 -1.3887433714051686e-08 1.2828804828107596e-08 -1.3887433714051686e-08 1.9590035875681130e-08</rotation_covariance>
		<location_covariance>4.8293981989367946e-07 -5.9343189534090417e-07 1.1215049290932903e-06 -5.9343189534090417e-07 2.0738862192272046e-06 -3.1712089258783892e-06 1.1215049290932903e-06 -3.1712089258783892e-06 5.8929149748414174e-06</location_covariance>
		<orientation>1</orientation>
	</camera>
	<camera id="23" label="SR202204_LDM-S_D01_0023">
		<transform>1.3464128746633208e-01 9.5395957361801964e-01 -2.6801652115482538e-01 -5.0607100942418661e+00 9.5694141767072383e-01 -5.4983562319610546e-02 2.8502619356997871e-01 4.0558120145531698e+00 2.5716696299438246e-01 -2.9485240337696406e-01 -9.2028648439878435e-01 -4.0022668658940423e+00 0 0 0 1</transform>
		<rotation_covariance>4.5815685466567678e-08 -5.3590427933411131e-09 1.6510516754342072e-08 -5.3590427933411140e-09 7.1431160351747145e-08 -1.4400548314097116e-08 1.6510516754342068e-08 -1.4400548314097116e-08 2.3984019639653303e-08</rotation_covariance>
		<location_covariance>5.5994576785790666e-07 -7.2749420988265289e-07 1.3258212918075975e-06 -7.2749420988265289e-07 2.2584959699645534e-06 -3.3601984923317558e-06 1.3258212918075975e-06 -3.3601984923317558e-06 6.1088989012755587e-06</location_covariance>
		<orientation>1</orientation>
	</camera>
	<camera id="24" label="SR202204_LDM-S_D01_0024">
		<transform>1.4714860407468100e-01 9.4341238212079714e-01 -2.9718742500320755e-01 -5.2502466731366839e+00 9.7348860442736163e-01 -8.4936928997702416e-02 2.1238091991162375e-01 4.1041136326783620e+00 1.7512060235432370e-01 -3.2056012751682555e-01 -9.3089955380666889e-01 -4.0145981687470460e+00 0 0 0 1</transform>
		<rotation_covariance>4.9217898646846224e-08 -5.6153024198069868e-09 1.3836535172799078e-08 -5.6153024198069901e-09 7.2831112561466292e-08 -1.5598600659332790e-08 1.3836535172799076e-08 -1.5598600659332793e-08 2.2780733389466836e-08</rotation_covariance>
		<location_covariance>7.0235289784393668e-07 -8.9946515318577480e-07 1.6090373923132244e-06 -8.9946515318577480e-07 2.3509151503669647e-06 -3.4463617038976307e-06 1.6090373923132244e-06 -3.4463617038976307e-06 6.2399336481029012e-06</location_covariance>
		<orientation>1</orientation>
	</camera>
	<camera id="25" label="SR202204_LDM-S_D01_0025">
		<transform>5.2515645500460284e-02 9.4218366122394748e-01 -3.3095627430267682e-01 -5.4712726422252933e+00 9.8671800342470917e-01 2.0579146866950560e-03 1.6242951303472511e-01 4.1191792239734797e+00 1.5371951305942150e-01 -3.3509060492616172e-01 -9.2956150834411899e-01 -3.9532052080036739e+00 0 0 0 1</transform>
		<rotation_covariance>4.7305238831891594e-08 -5.0457908497486319e-09 1.2926524764906152e-08 -5.0457908497486327e-09 6.9007656750425492e-08 -1.4558308228265709e-08 1.2926524764906152e-08 -1.4558308228265707e-08 2.0892384458432875e-08</rotation_covariance>
		<location_covariance>8.8848946280331180e-07 -1.1092100831812131e-06 1.9194319354936073e-06 -1.1092100831812131e-06 2.3568683610625277e-06 -3.4254553111669344e-06 1.9194319354936073e-06 -3.4254553111669344e-06 6.1774781206606171e-06</location_covariance>
		<orientation>1</orientation>
	</camera>
	<camera id="26" label="SR202204_LDM-S_D01_0026">
		<transform>7.4556290642393774e-02 9.2490725708156285e-01 -3.7281084389205632e-01 -5.6427163001084031e+00 9.9314241492783251e-01 -3.5107267041301189e-02 1.1151512665196468e-01 4.1680545548062193e+00 9.0052780062360449e-02 -3.7856841600792712e-01 -9.2118209448745225e-01 -3.8981175066485321e+00 0 0 0 1</transform>
		<rotation_covariance>4.7558278833100735e-08 -4.0843134786099773e-09 1.1433583458032869e-08 -4.0843134786099748e-09 6.7858125657584898e-08 -1.6569402261747306e-08 1.1433583458032867e-08 -1.6569402261747309e-08 2.0423679257779001e-08</rotation_covariance>
		<location_covariance>1.0775677901296658e-06 -1.2879413913047026e-06 2.1599814751862739e-06 -1.2879413913047026e-06 2.4316225004357917e-06 -3.4499424493321673e-06 2.1599814751862739e-06 -3.4499424493321673e-06 6.1046626695792513e-06</location_covariance>
		<orientation>1</orientation>
	</camera>
	<camera id="27" label="SR202204_LDM-S_D01_0027">
		<transform>2.4179167062876927e-02 9.2386880263343774e-01 -3.8194476485586626e-01 -5.7996600164031538e+00 9.9926002974230577e-01 -1.0903279693057313e-02 3.6885111513201646e-02 4.1926315797492579e+00 2.9912553210179927e-02 -3.8255398836320137e-01 -9.2344879941870939e-01 -3.8282853794399108e+00 0 0 0 1</transform>
		<rotation_covariance>4.8335387369944581e-08 -5.4521898579509361e-09 9.8490397317758409e-09 -5.4521898579509328e-09 6.7488052985022044e-08 -1.6294186000390548e-08 9.8490397317758426e-09 -1.6294186000390542e-08 1.8740898264515779e-08</rotation_covariance>
		<location_covariance>1.2759202621047832e-06 -1.4437087394640545e-06 2.3735190601249301e-06 -1.4437087394640545e-06 2.4620892155231784e-06 -3.4270173804702811e-06 2.3735190601249301e-06 -3.4270173804702811e-06 5.9870778539186062e-06</location_covariance>
		<orientation>1</orientation>
	</camera>
	<camera id="28" label="SR202204_LDM-S_D01_0028">
		<transform>-6.4827749227073406e-02 9.4392023393026869e-01 -3.2374674501402961e-01 -5.9663187181440263e+00 9.9343456131015806e-01 9.1692511330551563e-02 6.8412394786256298e-02 4.2167069169270111e+00 9.4260995775801021e-02 -3.1718618403537718e-01 -9.4366720263683546e-01 -3.7782675534362098e+00 0 0 0 1</transform>
		<rotation_covariance>4.7544797350496024e-08 -7.2664489612640364e-09 1.1522292624370618e-08 -7.2664489612640372e-09 6.7133489744447593e-08 -1.2206885848360788e-08 1.1522292624370616e-08 -1.2206885848360788e-08 1.7498047493629196e-08</rotation_covariance>
		<location_covariance>1.5012042982702635e-06 -1.6097573035466518e-06 2.6122675902745911e-06 -1.6097573035466518e-06 2.4870671512720905e-06 -3.4179048207306761e-06 2.6122675902745911e-06 -3.4179048207306761e-06 5.9301218592982530e-06</location_covariance>
		<orientation>1</orientation>
	</camera>
	<camera id="29" label="SR202204_LDM-S_D01_0029">
		<transform>-8.6923872961368998e-02 9.4288126809055239e-01 -3.2158848641291071e-01 -6.2049911705468226e+00 9.9621465908778117e-01 8.2020665157944761e-02 -2.8791726340470003e-02 4.2226193310056015e+00 -7.7027787969496941e-04 -3.2287385272115093e-01 -9.4644169492948094e-01 -3.7210578977839290e+00 0 0 0 1</transform>
		<rotation_covariance>5.0255385306297876e-08 -7.3392763439037666e-09 8.8006825683611045e-09 -7.3392763439037666e-09 6.7827896836768414e-08 -1.1567322374462096e-08 8.8006825683611045e-09 -1.1567322374462093e-08 1.5922282617753826e-08</rotation_covariance>
		<location_covariance>1.8641078856804512e-06 -1.8258663834519502e-06 2.9405707680779326e-06 -1.8258663834519502e-06 2.4923258221174599e-06 -3.3933637060910576e-06 2.9405707680779326e-06 -3.3933637060910576e-06 5.9013483192886622e-06</location_covariance>
		<orientation>1</orientation>
	</camera>
	<camera id="30" label="SR202204_LDM-S_D01_0030">
		<transform>-1.1715970612121360e-01 9.3679647838751423e-01 -3.2967553949655176e-01 -6.4381606849007431e+00 9.9252490527389814e-01 9.9027067956822201e-02 -7.1329883098982694e-02 4.2312077648217938e+00 -3.4174781237493061e-02 -3.3556817175147358e-01 -9.4139581815235562e-01 -3.6754263723039036e+00 0 0 0 1</transform>
		<rotation_covariance>5.5085333752040224e-08 -8.0197160839113591e-09 8.2341142814689419e-09 -8.0197160839113624e-09 6.8364998143921363e-08 -1.1629487426018774e-08 8.2341142814689386e-09 -1.1629487426018775e-08 1.5898734960167207e-08</rotation_covariance>
		<location_covariance>2.2694773334500374e-06 -2.0343926976234650e-06 3.2612001848851689e-06 -2.0343926976234650e-06 2.5052013883144077e-06 -3.3802816116182523e-06 3.2612001848851689e-06 -3.3802816116182523e-06 5.9091681346444666e-06</location_covariance>
		<orientation>1</orientation>
	</camera>
	<camera id="31" label="SR202204_LDM-S_D01_0031">
		<transform>-1.7098884964098976e-01 9.1417722582519578e-01 -3.6748171802281715e-01 -6.6903845320813504e+00 9.8397267854141046e-01 1.3928576141648399e-01 -1.1134291423647852e-01 4.2301577538766946e+00 -5.0602185550550766e-02 -3.8063036721888083e-01 -9.2334172567274753e-01 -3.6117832797651808e+00 0 0 0 1</transform>
		<rotation_covariance>5.3388106209429077e-08 -8.8457326505507222e-09 7.4175054212770426e-09 -8.8457326505507239e-09 6.6663324196235078e-08 -1.3278688598447084e-08 7.4175054212770426e-09 -1.3278688598447084e-08 1.6244652572618941e-08</rotation_covariance>
		<location_covariance>2.7348802838773453e-06 -2.2510908756941485e-06 3.6060943934623347e-06 -2.2510908756941485e-06 2.4921926426147552e-06 -3.3363461934208533e-06 3.6060943934623347e-06 -3.3363461934208533e-06 5.8776767428401374e-06</location_covariance>
		<orientation>1</orientation>
	</camera>
	<camera id="32" label="SR202204_LDM-S_D01_0032">
		<transform>-2.3942439660044035e-01 8.9714174853881667e-01 -3.7123125049115735e-01 -6.8855306178090494e+00 9.7087481578190726e-01 2.2470211974342305e-01 -8.3132721976726026e-02 4.2293644204411516e+00 8.8346133453734432e-03 -3.8032307373011937e-01 -9.2481149927729112e-01 -3.5707779127246537e+00 0 0 0 1</transform>
		<rotation_covariance>5.6617580980228345e-08 -9.3082886358656157e-09 9.1889822138361373e-09 -9.3082886358656174e-09 6.6614821135183683e-08 -1.2661923529800237e-08 9.1889822138361373e-09 -1.2661923529800239e-08 1.7055883981460434e-08</rotation_covariance>
		<location_covariance>3.1461088418672237e-06 -2.4138663056107281e-06 3.8692398846334667e-06 -2.4138663056107281e-06 2.4914355796841176e-06 -3.3057977312506664e-06 3.8692398846334667e-06 -3.3057977312506664e-06 5.8849690620405307e-06</location_covariance>
		<orientation>1</orientation>
	</camera>
	<camera id="33" label="SR202204_LDM-S_D01_0033">
		<transform>-3.3621372575985792e-01 8.4856680754502112e-01 -4.0852748223776358e-01 -7.0376301850548488e+00 9.3442028382493214e-01 3.5471053925296891e-01 -3.2236105834942574e-02 4.2074953772294066e+00 1.1755451410817416e-01 -3.9257458714965110e-01 -9.1217658911916388e-01 -3.4902972968075479e+00 0 0 0 1</transform>
		<rotation_covariance>5.9229014640751306e-08 -9.0236305659152089e-09 1.3210247229693962e-08 -9.0236305659152023e-09 6.5713843452940944e-08 -1.2751605003389974e-08 1.3210247229693962e-08 -1.2751605003389974e-08 1.8968098953068409e-08</rotation_covariance>
		<location_covariance>3.5076317168388412e-06 -2.5171901017655884e-06 4.0325670806833287e-06 -2.5171901017655884e-06 2.4502922747283778e-06 -3.2058176306534720e-06 4.0325670806833287e-06 -3.2058176306534720e-06 5.7680012840731164e-06</location_covariance>
		<orientation>1</orientation>
	</camera>
	<camera id="34" label="SR202204_LDM-S_D01_0034">
		<transform>-4.3064262786339791e-01 8.0788152830462989e-01 -4.0233613222165754e-01 -7.0938461119293255e+00 8.9512016361100366e-01 4.3930093604354986e-01 -7.5990659217243128e-02 4.1907271095116343e+00 1.1535518958381279e-01 -3.9286400167925373e-01 -9.1233275531499247e-01 -3.4086069477078778e+00 0 0 0 1</transform>
		<rotation_covariance>6.3487024547229857e-08 -1.0264664969498997e-08 1.3277799917131133e-08 -1.0264664969499009e-08 6.5294465111872705e-08 -1.1530346270455282e-08 1.3277799917131134e-08 -1.1530346270455282e-08 1.8380200536500151e-08</rotation_covariance>
		<location_covariance>3.6722144033096172e-06 -2.5434007673631133e-06 4.0428300054086027e-06 -2.5434007673631133e-06 2.4248614282207682e-06 -3.1128566944599153e-06 4.0428300054086027e-06 -3.1128566944599153e-06 5.5971470328076786e-06</location_covariance>
		<orientation>1</orientation>
	</camera>
	<camera id="35" label="SR202204_LDM-S_D01_0035">
		<transform>-5.4473730118539931e-01 7.6646849981323584e-01 -3.4027534658169867e-01 -7.1657864572863801e+00 8.3096026163095393e-01 5.4800815222820609e-01 -9.5875485300695285e-02 4.1130394425366212e+00 1.1298812454175923e-01 -3.3498224413463307e-01 -9.3542534700908164e-01 -3.3686028224864839e+00 0 0 0 1</transform>
		<rotation_covariance>6.7532773832233280e-08 -1.1587374594531790e-08 1.1527482292451505e-08 -1.1587374594531784e-08 6.2915165912956444e-08 -7.0517174971501065e-09 1.1527482292451503e-08 -7.0517174971501065e-09 1.6341780999896637e-08</rotation_covariance>
		<location_covariance>3.8395612009887055e-06 -2.5095376346533053e-06 4.1255975873657655e-06 -2.5095376346533053e-06 2.2827954333040525e-06 -2.9863076534091883e-06 4.1255975873657655e-06 -2.9863076534091883e-06 5.5416777417852574e-06</location_covariance>
		<orientation>1</orientation>
	</camera>
	<camera id="36" label="SR202204_LDM-S_D01_0036">
		<transform>-6.0764564086630046e-01 7.0801461681612488e-01 -3.5983618149221397e-01 -7.1599630739296352e+00 7.7953573740095627e-01 6.1837896317012764e-01 -9.9656871430850363e-02 4.1139777640943676e+00 1.5195660318304591e-01 -3.4106122659040694e-01 -9.2767797778416461e-01 -3.3517998728721690e+00 0 0 0 1</transform>
		<rotation_covariance>7.3090557441860504e-08 -1.0590766579847488e-08 1.3435050117507465e-08 -1.0590766579847477e-08 6.3910269746351545e-08 -7.2942381981384322e-09 1.3435050117507463e-08 -7.2942381981384314e-09 1.7383967935481833e-08</rotation_covariance>
		<location_covariance>3.8531722778801053e-06 -2.5044052913046472e-06 4.0877377147975078e-06 -2.5044052913046472e-06 2.3045970228509601e-06 -2.9725119158771768e-06 4.0877377147975078e-06 -2.9725119158771768e-06 5.5103547365580616e-06</location_covariance>
		<orientation>1</orientation>
	</camera>
	<camera id="37" label="SR202204_LDM-S_D01_0037">
		<transform>-6.6284676803823195e-01 6.5144913197457854e-01 -3.6911812547047651e-01 -7.2450296963618257e+00 7.2981456486617347e-01 6.7229681464022795e-01 -1.2404714399695127e-01 4.0970386357528863e+00 1.6734653569903385e-01 -3.5161203260720597e-01 -9.2106683553114677e-01 -3.3337337053642599e+00 0 0 0 1</transform>
		<rotation_covariance>7.6878264779081595e-08 -1.0125479701001359e-08 1.3865995485029371e-08 -1.0125479701001360e-08 6.3924350217183201e-08 -7.5825286096006265e-09 1.3865995485029368e-08 -7.5825286096006232e-09 1.7830292676730560e-08</rotation_covariance>
		<location_covariance>4.0600308981495167e-06 -2.5512921811486953e-06 4.1958431379675334e-06 -2.5512921811486953e-06 2.2899000502693004e-06 -2.9450413775377539e-06 4.1958431379675334e-06 -2.9450413775377539e-06 5.5200721135689324e-06</location_covariance>
		<orientation>1</orientation>
	</camera>
	<camera id="38" label="SR202204_LDM-S_D01_0038">
		<transform>-7.0467444532454659e-01 6.0893252048258373e-01 -3.6419103723907104e-01 -7.3596869443386952e+00 6.9940148604203234e-01 6.8255249596318524e-01 -2.1203691088256976e-01 4.0425466496167441e+00 1.1946333089588512e-01 -4.0413274521270071e-01 -9.0686561122258158e-01 -3.3079415760229232e+00 0 0 0 1</transform>
		<rotation_covariance>8.2968598981076524e-08 -1.1793414636486651e-08 1.1488074023783372e-08 -1.1793414636486665e-08 6.5895714965385570e-08 -1.0181521163796685e-08 1.1488074023783375e-08 -1.0181521163796690e-08 1.8049002781238808e-08</rotation_covariance>
		<location_covariance>4.3404422716311036e-06 -2.5793814746710442e-06 4.3425084624381658e-06 -2.5793814746710442e-06 2.2366770475522642e-06 -2.8798493516851276e-06 4.3425084624381658e-06 -2.8798493516851276e-06 5.5378123921990458e-06</location_covariance>
		<orientation>1</orientation>
	</camera>
	<camera id="39" label="SR202204_LDM-S_D01_0039">
		<transform>-7.3785058755507005e-01 5.6747466371687105e-01 -3.6544358864818138e-01 -7.4757043925619078e+00 6.6419014831977830e-01 7.0679641142042482e-01 -2.4349595413098779e-01 3.9728958070694422e+00 1.2011643234623554e-01 -4.2238766416957946e-01 -8.9842122851020090e-01 -3.2909650218008766e+00 0 0 0 1</transform>
		<rotation_covariance>8.5493534358523147e-08 -1.0415717777385390e-08 1.0781098502145467e-08 -1.0415717777385390e-08 6.4628108043881769e-08 -1.0795056467952163e-08 1.0781098502145464e-08 -1.0795056467952163e-08 1.8318692118832675e-08</rotation_covariance>
		<location_covariance>4.6261629065746794e-06 -2.5774091695509727e-06 4.5070288975780588e-06 -2.5774091695509727e-06 2.1213347082500446e-06 -2.7942348149855319e-06 4.5070288975780588e-06 -2.7942348149855319e-06 5.5735001962311430e-06</location_covariance>
		<orientation>1</orientation>
	</camera>
	<camera id="40" label="SR202204_LDM-S_D01_0040">
		<transform>-7.6140576865141318e-01 4.6706771611503556e-01 -4.4956535011879517e-01 -7.5866953539939290e+00 5.8756305761269878e-01 7.9021753921175186e-01 -1.7414331468919397e-01 3.9049908491091871e+00 2.7391770441716018e-01 -3.9674171608895353e-01 -8.7610792823808270e-01 -3.3090987182539155e+00 0 0 0 1</transform>
		<rotation_covariance>7.7924370731928431e-08 -3.5649869439947022e-09 1.6984550766817787e-08 -3.5649869439946960e-09 6.0095031575335142e-08 -8.5047290612039426e-09 1.6984550766817787e-08 -8.5047290612039459e-09 2.0600583451246641e-08</rotation_covariance>
		<location_covariance>4.8775036794329259e-06 -2.5695363366918783e-06 4.7051069615959591e-06 -2.5695363366918783e-06 1.9604871099432960e-06 -2.7160796981130480e-06 4.7051069615959591e-06 -2.7160796981130480e-06 5.6919395139060213e-06</location_covariance>
		<orientation>1</orientation>
	</camera>
	<camera id="41" label="SR202204_LDM-S_D01_0041">
		<transform>-8.6195472970402376e-01 2.2269869131433892e-01 -4.5545508760770753e-01 -7.5645801046053380e+00 3.8082230234836700e-01 8.7743767007062112e-01 -2.9168049159162074e-01 3.7677865507160861e+00 3.3467658713294041e-01 -4.2486283436883643e-01 -8.4112017809414497e-01 -3.3334555512235826e+00 0 0 0 1</transform>
		<rotation_covariance>8.7831465335202178e-08 -5.4827140851778466e-11 1.7899434119399504e-08 -5.4827140851779293e-11 5.7553240704272747e-08 -7.1487297547869992e-09 1.7899434119399501e-08 -7.1487297547870008e-09 2.0755174840447487e-08</rotation_covariance>
		<location_covariance>4.7721658330356625e-06 -2.3914557993510949e-06 4.7181018863971831e-06 -2.3914557993510949e-06 1.8056693662182994e-06 -2.5878947384735181e-06 4.7181018863971831e-06 -2.5878947384735181e-06 5.7774456469690147e-06</location_covariance>
		<orientation>1</orientation>
	</camera>
	<camera id="42" label="SR202204_LDM-S_D01_0042">
		<transform>-9.5145563962158852e-01 -1.4027494483636826e-02 -3.0746608793619051e-01 -7.4830108577504229e+00 1.0686321342595051e-01 9.2176106405468772e-01 -3.7274226270849442e-01 3.6288902816352340e+00 2.8863890841075707e-01 -3.8750454215567565e-01 -8.7551573964159346e-01 -3.3400244191165247e+00 0 0 0 1</transform>
		<rotation_covariance>1.1013579867242678e-07 4.4092181484463332e-09 1.2524469665832278e-08 4.4092181484463340e-09 6.2326336666475658e-08 -5.7146601488544295e-09 1.2524469665832277e-08 -5.7146601488544262e-09 1.8600781853394077e-08</rotation_covariance>
		<location_covariance>4.5786131602200913e-06 -2.1966166997093765e-06 4.6152404246901552e-06 -2.1966166997093765e-06 1.6999169161578628e-06 -2.4471071642863437e-06 4.6152404246901552e-06 -2.4471071642863437e-06 5.7634568457574567e-06</location_covariance>
		<orientation>1</orientation>
	</camera>
	<camera id="43" label="SR202204_LDM-S_D01_0043">
